% 17-02-16 13:24
% close all; clear; clc;
datp=[  0.0000E+00 -0.1000E+01  0.5307E+00
  0.2327E+00 -0.9970E+00  0.5140E+00
  0.4654E+00 -0.9845E+00  0.4682E+00
  0.6981E+00 -0.9607E+00  0.3979E+00
  0.9308E+00 -0.9219E+00  0.3127E+00
  0.1164E+01 -0.8663E+00  0.2235E+00
  0.1396E+01 -0.7950E+00  0.1411E+00
  0.1629E+01 -0.7124E+00  0.7474E-01
  0.1862E+01 -0.6250E+00  0.3073E-01
  0.2094E+01 -0.5392E+00  0.1148E-01
  0.2327E+01 -0.4588E+00  0.1563E-01
  0.2560E+01 -0.3842E+00  0.3837E-01
  0.2793E+01 -0.3125E+00  0.7214E-01
  0.3025E+01 -0.2402E+00  0.1075E+00
  0.3258E+01 -0.1666E+00  0.1341E+00
  0.3491E+01 -0.9605E-01  0.1452E+00
  0.3723E+01 -0.3353E-01  0.1411E+00
  0.3956E+01  0.2258E-01  0.1224E+00
  0.4189E+01  0.6676E-01  0.8109E-01
  0.4422E+01  0.8103E-01  0.2254E-01
  0.4654E+01  0.6234E-01 -0.1905E-01
  0.4887E+01  0.2659E-01 -0.3883E-01
  0.5120E+01 -0.6523E-02 -0.4157E-01
  0.5352E+01 -0.2205E-01 -0.3226E-01
  0.5585E+01 -0.2399E-01 -0.1685E-01
  0.5818E+01 -0.2109E-01 -0.1473E-02
  0.6050E+01 -0.2026E-01  0.8638E-02
  0.6283E+01 -0.2120E-01  0.1201E-01
  0.6516E+01 -0.2178E-01  0.8109E-02
  0.6749E+01 -0.2030E-01 -0.2410E-02
  0.6981E+01 -0.1664E-01 -0.1408E-01
  0.7214E+01 -0.1114E-01 -0.2025E-01
  0.7447E+01 -0.4400E-02 -0.1646E-01
  0.7679E+01  0.1840E-02 -0.7048E-02
  0.7912E+01  0.5539E-02  0.1428E-02
  0.8145E+01  0.5371E-02  0.4056E-02
  0.8378E+01  0.2864E-02  0.2457E-02
  0.8610E+01  0.2602E-03 -0.1093E-03
  0.8843E+01 -0.7236E-03 -0.1090E-02
  0.9076E+01 -0.4637E-03 -0.7390E-03
  0.9308E+01  0.1399E-03 -0.1555E-04
  0.9541E+01  0.3739E-03  0.3180E-03
  0.9774E+01  0.2708E-03  0.2806E-03
  0.1001E+02  0.5008E-04  0.8624E-04
  0.1024E+02 -0.1052E-03 -0.8306E-04
  0.1047E+02 -0.1559E-03 -0.1747E-03
  0.1070E+02 -0.9863E-04 -0.1685E-03
  0.1094E+02  0.5292E-04 -0.6191E-04
  0.1117E+02  0.2178E-03  0.7562E-04
  0.1140E+02  0.2981E-03  0.1568E-03
  0.1164E+02  0.2287E-03  0.1221E-03
  0.1187E+02  0.7530E-04  0.2162E-04
  0.1210E+02 -0.6385E-04 -0.6656E-04
  0.1233E+02 -0.1138E-03 -0.8450E-04
  0.1257E+02 -0.9315E-04 -0.5386E-04
  0.1280E+02 -0.4398E-04 -0.1624E-04
  0.1303E+02 -0.1605E-05 -0.3617E-05
  0.1326E+02  0.2548E-04 -0.9495E-05
  0.1350E+02  0.3550E-04 -0.1777E-04
  0.1373E+02  0.2868E-04 -0.1618E-04
  0.1396E+02  0.1323E-04 -0.7772E-05
  0.1420E+02 -0.6007E-06  0.5547E-06
  0.1443E+02 -0.5154E-05  0.3547E-05
  0.1466E+02 -0.2999E-05  0.2508E-05
  0.1489E+02  0.7298E-06  0.3768E-06
  0.1513E+02  0.2013E-05 -0.5258E-06
  0.1536E+02  0.1276E-05 -0.3643E-06
  0.1559E+02  0.6047E-07  0.7590E-07
  0.1582E+02 -0.4255E-06  0.1813E-06
  0.1606E+02 -0.2939E-06  0.2670E-07
  0.1629E+02  0.1249E-07 -0.1412E-06
  0.1652E+02  0.1400E-06 -0.1343E-06
  0.1676E+02  0.9102E-07  0.7156E-09
  0.1699E+02 -0.4302E-07  0.1585E-06
  0.1722E+02 -0.1798E-06  0.2512E-06
  0.1745E+02 -0.2732E-06  0.2618E-06
  0.1769E+02 -0.2862E-06  0.1906E-06
  0.1792E+02 -0.2025E-06  0.5135E-07
  0.1815E+02 -0.8843E-07 -0.9016E-07
  0.1838E+02 -0.3105E-07 -0.1549E-06];
th_hd7=datp(:,1);
phi0=datp(:,2)+datp(:,3)*1i;
phi_hd7=phi0/phi0(1);

%%
% h = figure('Unit','Normalized','position',...
%     [0.02 0.1 0.5 0.7],'DefaultAxesFontSize',15);
% 
% plot(th_hd7,real(phi_hd7),th_hd7,imag(phi_hd7),'--','Linewidth',2);
% title('k_\theta\rho_i=0.4');
% 
% print(gcf,'-dpng','hd7_dong92.png');

